charge: 0
mult: 1
n_ele: 60
basis_n_func: 258
hf_type: RHF
scf_grid_level: 2
scf_grid_level_final: 2
dipole_moment:
- 2.5265211700823
- -0.5830003327751
- 1.2353903376292001
energy_scf: -12419.360138637763
energy_nuc_repul: 303.86837335
energy_scf_one_ele: -1235.80976552
energy_scf_two_ele: 475.53830516
ele_frozen: 12
energy_correl_mp2: -1.558244926
md5: 9d364fa4a5903122c213ebf427075394
md5_arrays: f588d1e921aa8649ffa80e1e28ece5d2
md5_structures: a8edf75388b959ab13f040f77e7b392a
